30 2
2 1.959672 -1.182200
5 1.886711 -1.200338
1 1.922547 -1.213191
3 1.911124 -1.188693
8 1.905345 -1.215439
0 1.978271 -1.219941
4 1.934565 -1.225162
21 1.917465 -1.194237
7 1.918195 -1.200215
6 1.954153 -1.233699
10 -0.696127 -1.271795
19 -0.692523 -1.269898
22 1.956587 -1.181860
11 -1.676397 -3.041971
18 -1.551465 -2.810659
13 -2.591694 -3.724323
16 -2.473232 -3.534417
15 -2.545957 -3.367365
14 -2.559564 -3.460270
12 -1.285826 -1.732968
17 -1.348611 -1.736363
24 1.936979 -1.185501
23 1.932846 -1.199817
29 1.910576 -1.193716
27 1.855505 -1.194703
25 1.990115 -1.223661
26 1.949458 -1.211288
28 1.997746 -1.222568
20 1.742707 -1.177309
9 1.566506 -1.169372
