68 2
15 -2.163291 0.755466
16 -2.127832 0.705904
46 -2.270681 0.752913
64 -2.212250 0.723485
61 -2.090569 0.694486
47 -2.149105 0.716340
19 -2.283972 0.781780
23 -2.224695 0.746574
21 -2.193037 0.729735
66 -2.177749 0.737247
56 -1.136218 -4.546184
29 -1.181578 -4.711897
63 -0.701211 -0.837212
5 -0.707456 -0.704574
11 -0.720116 -0.752186
53 -0.682637 -0.705727
65 -1.212828 -4.869834
58 -1.205781 -4.738705
10 -1.177826 -4.754416
31 -1.198386 -4.884149
6 -0.733513 -0.678555
7 -0.770572 -0.617493
55 -0.745045 -0.714041
18 -0.679711 -0.706443
50 -0.687225 -0.651198
22 -0.675558 -0.628849
49 -0.667547 -0.651828
40 -0.659432 -0.581382
62 -0.677930 -0.758133
13 -0.631166 -0.710171
57 -6.099418 2.302732
25 -5.791577 2.240741
44 -5.811112 2.246575
26 -6.114754 2.314989
34 -1.753944 -6.479082
42 -1.665666 -6.268108
28 -1.187450 -4.690158
45 -1.202609 -4.658009
20 -0.654199 -0.562626
54 -0.639698 -0.666811
8 -0.667530 -0.656757
51 -1.635783 -6.010064
43 -0.675572 -0.618620
33 -1.487259 -5.537966
41 -0.599628 -0.583441
60 -0.723960 -0.689004
14 -0.680934 -0.620985
9 -0.631357 -0.559683
2 -0.987599 -0.681452
39 -0.973706 -0.665087
3 -0.978432 -0.656589
4 -0.918897 -0.632076
52 -6.362257 2.326926
17 -6.367293 2.405758
59 -0.858609 -0.562663
32 -0.713091 -0.664965
48 -0.715028 -0.668337
38 -0.873261 -0.767548
24 -2.428890 0.673605
35 -2.339759 0.658339
36 -2.372915 0.640254
27 -1.988595 0.603748
30 -2.410905 0.616553
68 -1.934653 0.597724
67 -0.688219 -0.655065
12 -0.676684 -0.651424
1 -3.286607 0.259352
37 -3.418727 0.292202
